# Created by Octave 3.2.4, Fri May 09 10:14:32 2014 ART <mlares@veda>
# name: xdat
# type: matrix
# rows: 1
# columns: 12
 -1 -0.5454545454545454 -0.09090909090909094 0.3636363636363635 0.8181818181818181 1.272727272727272 1.727272727272727 2.181818181818182 2.636363636363636 3.090909090909091 3.545454545454545 4
# name: ydat
# type: matrix
# rows: 1
# columns: 12
 3.952802448803403 1.068187064188018 0.2942658634375488 -0.06505469405374043 -0.2725496638726539 -0.4076626674756674 -0.502643095751053 -0.5730596201621149 -0.6273502229523228 -0.6704852224294744 -0.7055826443642994 -0.7346975511965976
